45579
981638
5477
90732
914629
4266
980894
982449
49233
443645
941491
992184
63708
946458
517029
758510
843644
18837
537250
969244
18355
6808
995417
936029
27023
373309
4166
963143
10830
64937
992368
62676
618138
996387
944099
22268
960245
979672
16207
4912
818255
43795
15276
948348
641027
4673
74866
152603
67282
845666
2002
917123
34816
43492
975209
63933
19536
450000
66909
48850
939388
559994
994460
959882
952828
994248
948229
22642
14853
982782
42781
843903
73831
996447
25675
73121
29470
213640
976823
885415
30590
24258
862286
675329
947682
23708
998503
971796
720036
965815
1052
919470
986887
43098
247051
947038
983906
4202
847180
995536
62138
970517
932598
38314
8023
928747
351175
944167
925813
5934
396145
62636
968663
26791
975758
414746
22215
999101
991095
951397
985587
969278
39611
501374
693633
989045
270094
362207
7025
119991
954610
954800
920416
13840
982715
16253
14725
939229
14844
962184
266824
12772
91669
352756
994184
996236
88855
187519
13673
6242
45537
932019
72204
999579
19410
940628
376767
4557
39326
22852
995967
965157
993876
412931
44681
76876
452040
5326
989299
315322
2727
944301
15452
371361
1825
955786
994730
299408
3545
863380
9971
803691
53267
27513
971843
995927
996050
966813
28412
823690
968392
977933
967097
29566
910493
972281
984813
855589
20158
43231
962474
12053
8093
952825
35486
994066
913357
40936
989353
973974
988716
93488
39447
991039
998702
65063
6726
995463
46072
15493
949148
521987
866916
984260
994843
256037
943313
106280
934544
919849
994849
14448
917774
67228
978649
998865
964772
73761
934262
85033
999049
497519
993395
13611
972961
12292
832669
726654
947381
24414
976024
968087
997824
76700
35759
24165
962359
975422
993016
18849
986574
35383
935939
992168
872898
988670
956655
980032
9580
846352
973697
955526
944313
582925
79799
933596
957799
231140
834741
29953
17262
963039
19628
949152
4475
1868
975594
26713
553566
33858
763881
44061
139959
956903
10457
334976
973090
932078
967420
980868
481659
443728
999216
263425
382957
991419
980472
948860
35833
29422
57746
982817
464095
46961
27638
971590
372912
952082
978909
990485
998766
62922
6512
968983
934399
933611
988931
929612
244221
982093
339146
23475
2329
995018
981471
741775
36332
13639
14728
992379
58603
393455
917919
859533
282426
979928
990070
769117
918727
53479
4305
949571
628977
687920
804467
2606
654184
270716
18631
442937
43481
994469
992100
973592
39965
50079
892862
63514
963024
37556
24783
58230
32248
991562
981179
974668
33914
17890
32320
940564
2948
75355
80252
75120
983926
23909
16568
933018
57967
31421
955626
28459
991247
4025
910334
11156
970470
42572
403391
981991
587485
59223
947155
82243
949327
198045
925534
23210
448298
951284
52719
33655
19395
916093
50393
318212
958200
978683
896559
974256
986482
990108
987074
960961
23273
39736
933249
52866
13869
293031
971196
963745
11896
997644
9876
964082
27099
250213
33846
965126
712731
907655
44656
55703
510118
832281
43417
525973
31790
918213
644221
976499
379194
211286
63064
18654
13542
997540
72445
361394
962033
960723
976055
7717
926970
89617
957583
580591
51934
549915
999782
991641
16062
43894
974266
997496
966969
982870
143
453844
925988
940340
40743
999773
49110
45767
999052
629180
955727
62522
13211
59715
44665
38940
960979
798664
473529
667577
818097
20195
33858
411729
305093
992574
35315
452384
15199
914209
987564
487181
9107
17785
29742
970057
73069
943142
947501
988561
956240
970118
975331
851340
919865
2733
612984
981
66556
49244
955192
143318
916343
958975
958731
962233
32735
25869
959268
62991
958541
986344
985358
991830
736865
989897
15052
592271
277946
959204
2968
15581
1746
43154
143748
989877
33786
962811
19287
39769
961218
930363
84661
14432
4062
975848
976206
5441
2442
16393
43105
8375
208136
27830
958649
80143
4908
51354
991384
525389
897189
3877
540292
644788
7426
941112
36574
985551
33671
15285
35826
994132
927973
340674
998504
56372
53336
912779
59440
943689
712413
995452
124273
54098
994309
60206
43736
977583
658947
986175
753054
956912
27893
994201
920396
993652
983231
780496
45816
623608
955152
980937
12275
983310
813467
59313
823628
975285
2473
30670
985597
59778
29970
792859
955678
14545
14409
15710
944914
961974
966687
933350
206707
992106
57135
36520
222228
5899
25162
957255
9135
951959
32376
805169
8410
21766
731931
6243
42467
984985
1688
940923
93542
993298
983088
957194
983647
81124
60485
918545
996396
995272
933713
45066
44176
966477
27789
17191
54277
794746
950620
949714
918555
925601
66356
887921
974669
4129
952287
278104
49336
969215
59524
928737
6337
921048
46514
968149
996588
35566
998683
81193
80937
254420
68406
937830
44424
429043
871439
717898
503522
40603
24859
801053
18456
999023
62762
80394
70856
957901
63145
4656
36600
89690
968551
75124
929503
942571
920635
43633
536399
961561
962683
994090
430418
958121
969315
665492
16096
976681
990998
978159
984392
21334
991019
32877
819724
951857
4686
983410
133908
983579
959627
732121
50905
60499
72920
675426
49974
2455
24078
978070
25345
931859
140567
993945
32112
963358
50029
990242
939157
36882
949055
16428
962168
300730
974163
11246
43420
609497
968476
995306
977274
45829
1069
972006
206602
269468
10639
88541
33366
994478
66301
365583
55761
43304
565466
957056
12899
71234
962217
918639
8769
97000
955616
999119
991737
43798
875547
56361
22912
838176
195111
989371
866073
979562
954620
20733
241584
961919
45979
37592
294433
944974
938177
1607
388361
922817
16846
402869
43864
998071
980294
969808
10636
824542
930880
752372
18357
991847
981688
982079
5689
951974
963841
96493
984681
944805
978259
55467
938244
383276
116251
975205
15035
933371
20120
728296
4275
713798
13771
20525
8768
995897
968984
987178
685432
849498
84821
952409
980668
665456
170686
2047
974422
956254
40800
72736
24003
973596
951455
180443
733824
461146
978048
59337
526267
967987
698726
40805
3271
996589
495505
994314
956350
970056
990034
337934
242642
4495
945271
980677
993217
963164
15014
578241
18305
17988
45174
108291
998354
6449
993563
962426
920821
19918
357003
977391
396500
8317
1330
969124
48904
964668
272636
28494
977644
931898
985011
953146
52340
995058
948159
970834
63524
525196
261193
454
48152
46899
965322
941212
949411
197659
9640
977500
968134
28966
962734
20540
68279
40473
62094
19001
984682
935958
37594
9887
980689
976634
7247
50123
949369
987164
750836
65799
4796
11112
986531
980457
985294
25400
999615
976832
986572
81823
989863
147705
116204
928863
47348
948668
53065
18582
994845
16235
958290
639562
60992
994350
3788
984041
952845
940152
11443
761703
33284
970550
599627
990399
945876
935820
982806
964411
934029
17238
985627
997700
45829
719101
957080
38699
947511
961353
373352
997884
948723
546899
37594
981403
866950
699841
934573
12585
57488
44600
22877
69089
994548
949831
17595
986857
20277
43271
988141
974695
3582
928068
943085
21082
961400
960473
821831
968835
717434
995274
180429
648430
992382
305301
953956
966728
937811
971935
932265
959515
996511
1344
48706
294816
142831
980107
1833
979576
980311
14909
964389
984650
71580
7289
756451
989080
957380
528936
48050
8783
972116
272084
73403
667901
65934
31145
29076
83807
980405
760064
992688
44141
990178
984058
974469
954853
362604
23273
14430
95267
958211
8007
967309
547304
296759
27321
974113
555124
31969
995422
6879
956840
987879
9915
41716
68649
765868
973602
22219
53763
704732
38804
367975
968336
108221
818
928964
946418
814647
25542
60256
75361
924464
929799
809109
7934
988237
12786
44945
949825
214529
280004
988501
430441
28916
67641
936817
18153
47656
41142
995345
999294
990204
34429
113384
31891
937364
61680
983939
984691
998782
12078
9276
906205
992327
717721
978288
984840
308790
50154
504802
993664
988231
790364
38078
981075
12811
644276
38528
34882
49222
11304
999055
36404
33862
59787
992933
978977
964283
70601
979502
984939
115393
968840
985702
651467
44211
60626
984939
448709
72874
19642
908955
221711
908631
28684
17238
961807
310856
35136
18511
33139
998317
136855
435641
17122
22934
973686
59384
985738
14395
970834
221640
760
964537
4444
43555
24216
10530
52138
94042
952986
980457
956358
958962
950580
983313
955595
986499
23584
413634
974289
924263
19214
994276
8703
26576
30563
179167
931019
844612
10572
92082
19295
18208
869309
935537
934485
913401
10096
22210
961777
988396
441626
986041
87667
36903
742612
20252
53306
956126
45622
984546
976665
958868
948287
965523
962623
33367
977663
971480
290731
969120
61492
937892
32083
579305
987749
6706
53337
25180
42136
153440
800276
411645
74710
973957
404659
595575
11226
8494
952457
57369
973176
128227
954276
650289
947426
67538
982835
41510
211342
15348
977978
963721
950228
66435
61494
966416
17394
978576
34819
38170
987536
969929
17565
36002
62801
25830
704038
980190
71385
977240
35438
153817
772215
957125
50954
972848
46341
9470
73668
940573
57388
5257
26589
26545
954
22974
37625
923639
997607
891593
25444
38235
976583
31875
959667
51926
3382
997113
358733
5710
645019
18984
18097
969142
965113
969664
186403
990223
950075
969035
955084
126929
666611
887786
984609
975374
3797
44163
975251
972620
14072
8869
22589
667088
993556
969549
5926
976407
977779
276548
17569
958906
12489
653375
935585
28767
960194
336137
924315
28863
937494
983482
383763
17599
992600
967902
28717
67230
992810
29307
23680
972405
979229
930976
965234
18326
183822
293003
51450
637102
317344
946688
505882
4653
15832
983487
474253
8351
37572
2135
55218
38118
984571
854983
982977
178566
942367
225126
980683
952987
991388
991511
829485
956522
999033
177716
983236
605292
31781
18642
11697
796088
245900
38761
984501
26979
961094
38754
55739
913828
945246
26916
954709
11984
40245
971933
18399
88390
991890
971574
49078
991138
197261
38210
368129
979225
42120
461140
58464
429388
979756
944266
962698
2720
57084
52663
947682
954395
1155
754623
28730
17120
984205
364763
7032
9103
404780
985156
998585
973520
598489
943865
904940
37715
998626
589252
143347
341493
64623
26282
979317
858890
977513
360498
981655
927031
969699
995688
92652
943074
946454
986866
927297
981923
339626
919
353361
996547
994847
752897
49439
949237
300250
669
941293
988628
17200
975664
5464
20768
300681
995260
177644
191732
26419
11453
961985
59772
284
25789
38605
561297
59289
49762
11825
964246
27554
989192
951101
7276
16985
53462
991434
20644
28232
980994
18877
955300
939328
955979
985015
970319
610076
967078
950191
6040
860773
976598
57475
831430
335186
976881
591168
966715
986892
968568
234891
988703
746
155282
76857
954827
568045
96493
989388
56924
681178
977833
685782
32361
955655
961473
306228
973286
937731
13533
691213
19600
988574
974185
2870
40994
53102
988839
1936
927862
986282
37044
997871
37324
996538
965269
624554
974877
200885
735864
945978
456132
41913
83483
977986
391781
982310
960345
45614
73717
976552
963750
988091
997395
980613
982996
960587
510282
523793
974192
32046
915100
758471
939843
75018
83851
946215
555503
280159
999494
28850
961079
84940
970184
471400
963944
940002
977849
934325
19302
52934
23177
8818
972362
371341
974238
417424
951285
25353
54405
933151
25434
791914
28228
59451
968587
60093
47076
11889
5609
588961
973264
980221
239375
915421
342169
944424
941661
555330
986493
987804
810935
88079
56623
6312
689842
24893
378400
212510
608855
981370
964702
925739
975908
978350
977532
475455
440855
186878
970889
967913
17290
940710
60427
441210
976801
37595
578375
68714
58030
116088
974398
5181
969360
977949
2222
986765
993401
969585
907668
21421
73379
76038
277851
9610
952192
37666
951897
950872
983567
983592
950394
997024
77159
979315
976997
21053
959680
4554
45457
968761
962804
954202
952715
264217
23334
984911
40378
18253
6893
450581
6874
930927
302665
962376
916498
195379
967475
59118
41285
997086
998982
983853
993528
10458
18286
597917
384876
762701
124233
990308
993298
24540
28850
26684
15432
982462
46806
950559
974324
11158
83997
75706
988177
49786
912252
12314
990166
942267
480486
993151
828829
85013
62267
32611
71527
528987
969762
992982
30517
515600
985289
475018
983652
184993
78020
964600
69642
89206
35142
977449
73259
32452
52833
858
12171
87276
932930
375906
317616
101520
49193
974794
966158
86931
44428
42243
994145
70027
5396
10618
948520
930916
40313
977859
6889
938511
587560
992315
979322
995665
42845
987321
58464
235223
25186
21985
1790
16206
233978
961492
737998
14175
957328
929052
70007
272677
8699
520636
44132
975570
678878
14415
679587
958045
955295
70362
60659
10280
929353
57810
978088
22323
144053
13916
37042
872887
13668
967457
34199
914863
923805
985263
272554
401597
65763
984326
931300
963367
983585
964905
779642
40680
41605
979611
76040
980378
13199
988584
983166
995724
934984
45866
33827
67768
71543
18145
4062
24861
969071
993532
980705
419994
597414
6951
825289
939037
734512
998979
959695
694100
988033
86424
1344
948668
11232
48336
987071
758513
268943
831266
32949
55684
762494
944520
13167
962081
70591
985533
224711
765329
981677
992552
999003
977457
939427
914335
967975
921792
35980
632614
11569
563306
734901
70832
352403
996001
908031
27850
991430
935716
990212
988610
953443
996259
921478
996257
962773
262244
995567
593992
18741
747816
981398
1922
534451
940314
923104
30969
23918
915440
935205
949506
910354
583824
39953
929117
967042
82252
989023
6978
797316
28868
118129
647
962941
38226
942840
409995
44724
976645
891722
14392
51926
50743
983652
987154
490599
992772
985350
40498
755633
988619
253359
55843
683150
987009
969682
398211
995123
517993
909560
38680
43609
941334
924466
18554
64757
34504
230199
88308
362955
942015
333508
535279
15964
930811
711500
976622
959008
48091
9099
10484
458
52461
977822
11937
954566
42070
900894
907810
652084
9019
956329
993114
42634
983281
23068
969156
17605
985933
12215
30200
10220
970783
981409
3581
528394
943517
994553
32814
946870
967035
960759
931903
70322
976330
802436
919458
42447
969085
324061
13235
955265
2939
15202
24041
29849
937238
41848
970451
954952
36225
22160
39575
545617
950550
929469
695759
956397
14420
4071
974427
110392
286249
26303
950129
523938
586241
956322
958766
75694
625096
960141
731686
964376
998474
967560
944005
951682
10714
62191
761184
88537
24701
50692
959206
807504
959329
40348
23771
810216
9383
966225
991651
422768
967685
946857
43716
548314
872137
951547
923337
509163
940332
986968
663291
3059
944411
79052
59160
867583
200065
84485
955928
38192
83003
9694
330427
988868
23146
579516
988053
894189
980599
937112
974840
883105
50503
60612
949179
71776
776695
135631
158136
3347
979659
59486
113155
940818
959358
54087
988936
977187
906565
968830
948458
44732
973517
4817
901761
35473
469494
83669
822926
4307
598002
23682
53465
10328
925663
940283
37617
6805
19293
971738
995259
8092
3324
948478
998972
172920
4736
536231
521467
814734
941600
3285
963426
961876
974634
35500
994211
34029
26762
7139
49003
34901
13655
965890
28384
957949
52867
958151
67649
999450
695055
6166
348756
990027
6121
43436
983419
991473
962951
969924
936618
989420
361329
7679
102405
942886
861596
35488
420838
322107
469479
34404
459708
1801
34985
978758
42961
969639
979251
919771
27649
20521
340586
960457
396086
141027
51553
724501
7223
356954
507425
11857
983821
989241
424362
28156
54886
988933
974516
208230
920662
242758
37820
4482
7486
923339
271785
172413
604493
984355
16430
992173
163030
44196
919465
255043
984204
34789
986944
283533
943595
657356
13186
995828
963628
948658
1287
429088
466701
957003
2020
991724
175655
48275
926399
11640
910124
15671
30840
24275
58439
32157
19549
985184
56016
28420
7171
28421
61972
529700
995792
766452
3412
160284
927479
939530
634896
15406
991835
951105
980823
411574
103831
35439
51691
286
934373
656208
749340
62510
969906
955931
839453
523108
986364
430280
30038
200804
419497
11280
6403
27540
977823
13467
37301
836587
49857
18909
27960
15396
27520
968467
998015
951786
945887
489480
810593
694578
60596
78304
50668
200484
36091
976391
57812
52660
89041
987589
916891
77295
944773
992963
642617
25899
947060
8021
983085
892995
952057
998468
26211
14390
990777
32014
181950
360219
55854
595076
955401
535936
967302
32246
22599
992101
48611
956788
992023
62242
410565
594943
959670
978022
980371
921652
967649
41627
73850
997095
65265
25772
56205
28800
684180
12404
958576
487912
3749
34919
39494
531014
952440
35098
136010
853650
983233
947287
956950
933919
996731
370430
13083
19479
947270
227242
11701
36587
947989
576042
652822
951634
932591
2475
946207
381411
443377
966705
54216
49077
965813
199612
112091
994432
945756
16000
992024
991333
16374
945793
930491
14621
415821
36891
676945
952414
70983
994662
40348
960036
985901
910368
969992
207213
16225
37377
776741
51724
931909
67352
67839
942691
969252
14402
39302
990717
16677
970826
5035
978481
75440
971883
994449
4624
727916
65607
24221
409338
967688
923975
931047
981582
12600
976896
47549
971514
987827
944218
970253
997968
949525
8546
215
933165
66172
74523
56158
51415
957750
9362
960695
44930
941639
213508
20668
45
259120
967145
7173
32609
20340
54476
39379
995467
550360
15847
950806
58575
296308
303971
982094
981597
970591
936341
10916
29561
46833
27748
997204
37666
926762
60025
427275
972883
921897
39587
998583
999166
962198
59293
1135
969569
996043
970766
696934
295730
32332
564387
977769
985495
51818
33362
978380
34021
30714
790171
37400
956315
940524
909970
975491
38314
75209
985442
31341
990754
56164
28377
916532
999555
972339
66270
50597
903975
40187
36017
5231
11471
713113
472169
972079
14196
68066
34824
36915
963822
990865
30897
77120
6438
926342
18965
938685
2668
58862
999736
952667
70060
949672
998276
999360
4267
987660
994067
996800
957129
40587
15435
54256
13104
39504
176916
178458
983342
142181
977823
845039
4319
50482
83845
939876
976614
981384
911520
79069
974604
2569
4174
983419
40064
11197
993237
8003
4145
374092
974285
910169
2753
991883
973821
43062
74123
947757
14947
949455
978317
82743
24122
761050
339261
58616
147020
483378
944879
27768
784420
444232
85151
966687
931695
499770
989502
837690
27432
939613
28430
48917
93975
32620
660408
541432
974841
941363
30954
52596
954701
210256
48459
37785
43859
55899
38682
656476
83574
22090
18231
41068
64910
7020
30285
7000
12088
860118
960224
14021
930299
7705
995283
946021
999581
161013
945820
978891
16216
799468
687593
17729
1932
972522
37702
977612
82590
922425
951702
669217
605804
584654
112736
407581
7660
865995
17366
996019
935388
960601
957249
949360
995746
281941
43672
124583
910569
55682
934044
986454
838974
56839
927970
47992
960254
77546
919535
991915
984578
65929
23632
10290
884258
32936
175564
802441
39137
938321
972191
83006
881
970240
43911
961737
976007
21765
820162
985183
55977
994122
996835
966492
29777
971039
803211
402001
743956
27376
916694
609229
4766
57514
932425
316744
962671
939982
974599
17321
56559
972790
961202
884057
993298
373655
915123
985135
38776
994884
80055
990039
979920
3152
405390
445550
64265
16912
66988
626565
999253
948165
3977
936111
159964
9101
979632
987999
275002
974082
968121
863023
940155
5881
587205
353998
992329
88932
428235
999886
958794
932799
580090
213024
1156
6217
951333
17738
14464
978733
936958
61716
38018
70938
982269
999712
990033
7289
959724
968792
33622
928851
968913
941176
803344
940494
981839
933601
8798
696761
67691
287526
982125
4863
999956
260744
746439
938519
44320
14278
985599
943124
19227
987538
800
971770
998432
983934
12992
33517
42844
47715
45652
646431
92332
60846
951421
995103
957053
992169
594444
960021
955937
514460
974270
65288
997401
34742
834138
942694
43426
982759
12917
945582
942351
8296
955027
5897
813
45066
981933
40778
55667
997916
960389
270406
939657
67544
86050
26046
986722
1844
253842
991512
944517
7830
989294
717069
965595
966830
7580
626740
945771
42284
427431
484520
954362
915027
42112
39528
972433
991543
640905
972142
13385
1337
209641
265758
75189
1053
35469
964316
1552
652718
975791
840
64775
807069
379447
27021
57855
6883
80060
958339
982813
819653
960226
990385
11418
942887
991511
978504
9128
311695
43177
1465
22865
977268
931826
50955
250605
973
35927
19531
863593
29605
14475
3747
31508
46835
982920
58013
1411
968398
952456
48987
11384
943428
805065
13672
998593
952457
940303
38264
193365
11783
993522
630214
6331
961300
43150
936829
592238
3613
993
19734
974796
49293
991793
984718
5492
63593
23363
40027
24024
13997
986119
984574
507717
783334
978475
971080
565200
42542
30569
964952
966674
708763
736916
18666
241695
614077
859204
996005
731
25191
930232
993622
68418
317602
938772
7891
23995
11071
8494
42773
988836
941750
992687
67222
65812
697579
919123
10804
936547
944802
29118
970561
2082
987232
982993
960547
20851
859724
426910
968853
432982
77280
980842
996408
982486
978562
996056
31937
952953
977412
6957
1906
411316
4707
517993
719
540121
374243
991583
983631
954112
885573
557516
972474
998833
992930
42009
815500
46992
574579
594726
244358
5566
964551
3191
28146
64673
43974
999021
38761
978416
954656
493754
686353
25947
727662
15881
3750
70251
980280
963799
47216
7851
8993
988243
990167
940531
17044
990209
971780
174909
983157
989750
938133
942732
433036
20490
908550
941393
929541
69061
105033
1483
12493
11848
232408
280604
121448
51418
62907
986577
316036
991348
37160
924434
800024
18307
921998
452483
29947
714654
974385
937407
7103
946412
8588
986922
73688
51291
335620
956538
994272
86643
72059
9789
628739
38876
880120
70852
931162
3064
825931
934758
961522
979084
946227
921062
995721
987721
21001
22108
931335
955383
18047
950004
976784
20079
978428
142
37930
26773
994764
923539
39723
963661
58537
543850
963415
65410
681193
646485
993498
334310
605279
922204
40958
586901
438500
869753
226269
14254
54675
46999
982414
921654
539
76653
982195
940673
496671
991874
32543
713551
35313
964615
978412
39730
964445
711
580860
49625
966145
500579
927534
151693
63228
344017
27888
665020
950673
7872
93975
948753
11813
56382
388224
27119
969001
32864
7097
958096
29109
48946
999877
967200
910296
8095
973250
258973
938578
22484
10764
928608
21179
76957
353848
965789
876777
14461
479335
58656
69822
51182
153739
981741
63410
999335
940238
987346
955978
994881
220734
969806
66170
874472
38591
6354
47701
59175
938341
610121
76008
37879
650247
987914
39630
959957
821833
10715
988113
34158
68628
521028
945022
430538
45641
252884
108672
951020
961190
993774
83935
449470
38285
20754
983115
19839
18515
994998
11685
750460
40630
7420
43631
993475
506233
11403
21023
811636
50051
955212
7802
960902
46055
942235
59715
664676
19871
988880
47999
5982
43475
42435
27388
992292
51459
49918
711508
12977
14368
952660
72579
118833
41375
55828
978305
923759
18321
45284
981745
41516
22681
965253
855726
976780
671219
17882
7320
224340
976198
796237
3322
969215
70398
15621
543100
933644
20902
991193
286567
56884
11088
981789
37876
31001
982316
998650
977982
925499
54720
19362
637465
535255
402654
631851
972494
971285
22315
83857
2495
601379
8669
999163
988798
8430
966992
933990
987056
24396
375231
59416
991883
964762
933145
947083
927539
82453
5021
433717
952259
22180
964246
26747
969732
560290
7380
996858
13140
939802
963422
986860
936234
917164
989033
283615
959690
984724
22076
68281
961491
943295
41577
163207
9204
941065
973353
971692
999615
948830
924974
826262
7513
67126
802666
8931
996718
958268
15186
956654
626581
331644
37266
962683
5484
28386
22703
52885
402576
6245
997706
69065
280453
657385
997421
437
292283
957007
957467
80437
990580
975080
473156
46785
903521
25645
118290
25636
979381
949910
992209
17154
993567
15200
35973
48744
46027
993688
73048
988040
997839
943778
348073
10687
991451
990179
996468
950250
6326
990904
590
957566
996
973935
507433
756702
443776
77975
692714
948744
971362
930964
32913
988493
14851
27213
64419
942846
953100
3003
986042
975988
239064
639037
39427
984578
950355
874429
4190
3586
6690
42996
34479
20954
683781
996075
999363
969395
39858
999605
30733
530625
30714
52991
987554
56544
968337
956520
986461
480762
941646
994083
177683
15882
14325
966913
80591
5039
58252
10924
57510
29565
982935
365341
954647
45347
546271
200693
241255
387988
21777
557974
624555
992751
4925
974743
959907
986045
941233
42407
940551
83210
10470
971623
977637
990567
35547
43448
69411
19384
250752
8768
4227
770996
772136
4701
27047
997683
992862
67948
386040
938155
82582
73405
980533
5724
4432
982488
941191
50334
919713
931439
985006
41362
9447
137496
993921
527972
43206
348976
59021
11161
49510
699216
981306
20317
972849
33895
47124
34301
10485
4404
39125
959557
973750
765136
926980
673
23781
967445
969823
173669
12156
30743
3686
392712
459630
957024
16345
929678
60123
59900
783754
934651
26843
927423
976590
41367
535709
578287
991980
957613
942171
924444
946761
984637
32714
982166
50783
980633
52713
22504
455656
80312
9328
62116
959997
621000
30884
25858
169750
944115
50839
49829
981604
459478
344463
733308
19426
941705
980859
65878
61606
1851
86662
60231
991992
9326
780466
19475
21202
981130
24770
921166
6183
420301
973386
27600
47407
994501
945134
930397
46670
44321
915700
84553
649302
959874
967682
26030
975867
94550
71107
59397
976594
957398
982930
966011
28916
999471
41727
988913
4028
936897
5492
987947
8565
18269
513518
763252
999249
588254
753336
34777
38063
931804
989437
18765
989449
5294
461797
18095
16514
34583
937011
67618
754323
10781
971676
838563
960387
24522
44911
637765
16970
6037
15610
929550
11921
549409
84788
989336
989409
955154
937720
22990
13081
10093
321210
983364
961763
993209
986179
10477
985967
10794
3873
979751
3649
992844
922893
61683
981238
907
19543
959046
24499
47265
951122
338024
975080
972196
31066
976988
966593
949565
21120
963017
18744
51052
986645
712431
982847
944255
967718
539633
38399
378173
978796
256438
289588
311969
988348
6878
969017
280349
5250
966874
540579
984118
970780
38015
935418
19998
11530
930399
710072
71657
53335
985500
10450
31486
101171
16021
39073
52615
943387
324729
306806
953669
18535
936502
981825
996772
21833
32710
760367
302614
991612
1710
984584
458663
44932
26723
928590
980817
9457
48403
983167
26938
52795
602400
26636
57278
72585
974153
66698
59860
353498
971481
448874
73418
969064
972907
979580
938796
73531
32302
237712
73069
28724
865824
969451
33700
2801
839993
975938
6098
984423
22478
984750
988405
41198
59240
994891
299220
645977
970032
5375
940851
5000
438098
15244
117259
19288
951960
15819
980251
969027
262729
72461
567969
875721
416958
992260
958811
987757
9562
971686
33616
989219
985319
1704
9515
25029
2383
66912
424152
44043
976496
429612
953497
21120
955727
925954
984722
86775
999078
56744
55687
966005
988899
16722
920535
996033
102813
735725
912775
802430
44767
942891
390037
50156
26579
936525
29864
18658
11969
7448
66252
19247
376848
312644
454622
382077
70350
82081
959971
987739
995714
81188
38422
34986
274178
992862
420351
15112
34816
971974
5334
16557
342433
56405
8184
52712
934147
5395
475368
44955
18497
974949
25449
267273
332786
884398
218327
639156
41790
961161
698366
967930
20159
723218
942049
997018
31706
554883
968423
984327
648518
992333
964351
14013
974799
66047
293878
987188
980044
994420
912621
14019
930125
981368
65652
973888
861709
773536
962426
975631
975941
69170
998281
932076
518635
352749
986060
962113
642316
13629
46700
959429
61332
978549
48022
974779
27469
714202
415408
846390
959234
109977
958544
971103
55356
249181
994658
197020
77805
36244
17594
966220
964379
38223
48290
499950
19043
703257
966304
935413
811391
15942
44329
400649
25902
19620
960731
980124
742820
958403
959577
54157
949023
23754
952154
302400
35540
998843
90683
987700
989140
979384
988153
158539
10206
63247
17131
76616
947011
26871
991357
437317
30148
295877
923645
378839
963688
990376
208004
17503
9454
17046
976615
953539
67256
7474
962802
766890
86
84249
33550
930338
981410
364216
54921
54240
27856
30692
3853
948032
9872
983700
962583
978416
10186
66822
927157
985923
390629
5835
44496
993137
9057
984043
426563
48995
20558
7411
959763
23871
88109
8665
49383
967563
977307
574286
916383
985995
214141
972348
926393
987437
993522
30371
17988
516217
983134
988919
953501
939483
906434
17592
28207
973593
48882
11241
626231
4579
360453
962949
985025
994909
32204
66766
710907
7827
998584
974211
9973
963033
957987
949447
10937
2625
78679
671945
6886
681969
202933
983998
42176
641681
274980
953365
976346
59995
57841
11057
44903
976219
981696
22829
936523
984613
355453
964805
637024
883200
993567
4611
968538
989021
6157
15219
993221
6418
965305
532581
8276
9374
64859
13640
35618
962759
15062
42076
292217
939504
607621
31913
638757
70557
5174
936151
966226
56802
960632
7110
21158
20168
21683
979073
8026
888105
22479
223287
937786
738057
948744
946649
210469
5972
748262
967648
265862
807214
278976
50901
964059
5005
15390
947680
28266
758590
63598
979758
307382
313145
959101
947808
962883
992719
64181
930522
17420
869390
6001
52485
928965
989538
945973
995559
965586
21491
20258
942645
35916
909492
66995
30470
631
39116
294502
23763
14332
36301
655039
177035
534851
878556
991295
927966
28075
992102
388069
976536
53977
991974
10603
978200
158256
570096
979152
962343
15005
79220
14284
125542
76749
994636
926425
4865
983771
781290
62127
11738
695391
13919
23577
973785
14193
77494
994376
991126
929587
57900
855642
5862
12929
946056
4019
35813
121911
929086
21318
7083
580928
52372
987946
962040
986686
15327
36849
939475
952067
946718
999707
4694
35190
974437
814033
43927
52275
960483
674080
7534
59441
950075
978675
992080
54835
43498
68179
927137
704322
48639
945605
336423
966960
29637
853166
983341
943134
998665
986663
7999
987165
50007
926870
989827
856958
197885
993881
961565
16281
982075
982305
18354
978550
967479
997365
978412
963833
1471
911185
860776
86885
989594
15891
664844
964728
978850
979410
943997
370393
980452
22568
33730
484183
29662
349860
42093
945868
521543
990465
38417
84647
15673
454089
63367
897665
959917
56613
947306
525022
509243
7652
8473
412262
974889
25042
404783
966776
12591
959415
52222
984650
762119
64007
978133
553820
943339
39236
43161
59111
74704
40276
9865
815160
944424
985046
934873
39296
11232
14400
457613
995529
65946
89502
61980
858729
50112
992131
61476
44677
946013
998317
973295
22754
349610
823149
45015
40640
51263
22727
982683
850258
846988
985233
54302
24711
45243
11031
864203
311206
990814
56778
978730
996250
912892
38893
990844
73249
982915
584796
958803
15822
13467
10443
999232
989517
959523
168530
361455
7994
955096
54079
979003
52214
827904
4215
7434
20920
69465
9414
6871
668062
952904
611924
792145
51524
999192
664758
35555
46105
285
753976
936835
961430
79297
956605
977255
754862
95618
934898
318584
960221
219621
952763
57315
925112
988537
984876
348708
955677
78611
549172
75452
23925
11472
71371
989519
912900
976743
745502
920744
109233
586427
79831
987128
949980
59237
909612
36245
598625
927982
949064
4955
114070
53925
267801
51807
950921
903633
388551
129354
982957
985064
990669
13656
974065
11894
432135
874875
972829
956233
951496
2625
957791
950371
999656
1618
29053
998965
959808
19731
996584
402951
76874
941324
2419
979687
57245
493333
23799
12908
924609
996068
920543
974742
68767
976149
66190
20115
689286
973270
61618
16069
112315
39762
800993
2498
928034
980360
129544
25429
964467
35125
33357
927362
67911
48557
456002
72421
44014
43819
948579
60402
999646
164325
926606
30669
59604
746700
23328
974439
671036
256126
977723
976893
27376
944653
964376
49916
978818
68042
115618
988642
753352
984932
998783
105768
938563
541
41064
644291
993312
971840
18381
962826
917286
795083
8075
951397
975348
745375
316257
27625
115901
924654
16111
542416
949101
63747
37965
615284
964462
484502
68425
46160
88084
922367
973407
66640
22824
208720
23143
997945
39399
18990
990320
45951
2721
986377
992524
340931
442992
999120
674642
971177
940241
860720
34851
12799
959752
85327
985460
182164
918759
981137
984452
493738
921012
923571
973751
992506
93450
981858
42836
970260
24303
947048
50767
989320
975562
941089
821505
67770
74294
874152
998055
995172
20185
50827
26266
47175
430642
127765
14425
974469
140272
430451
906427
11779
130649
53304
991269
832605
310884
1481
9370
31067
114512
502164
72792
28365
931
707137
984511
983891
19416
986045
999476
44572
976215
28610
217754
4628
17447
951066
935871
8394
53516
964985
911287
42452
423474
983588
464043
985086
977177
987599
25834
85975
742083
18946
17754
365223
487242
1275
970177
40041
502044
8231
984753
84897
19403
607484
961507
979644
967600
362786
125385
992540
986343
928747
810052
46305
325031
31165
318099
23169
993291
939787
491424
979788
988471
440906
548732
5641
1405
994608
7281
219741
19974
960911
1604
724531
908922
175536
11961
998086
34929
885312
932974
55235
953884
383808
4083
962232
5703
45050
26897
5767
830621
948308
968684
194336
923448
4844
990858
17934
25099
939439
938731
74595
30611
14499
999960
863062
63487
55087
53913
349901
930987
74497
999020
48897
973739
6730
15561
974494
16776
485990
955023
942344
57835
987561
501212
11302
988760
5302
927912
39683
957361
918518
693360
999223
989061
991207
45182
3592
63994
996022
990811
3336
968901
15636
29021
990234
75638
10695
96245
725182
981806
10484
194973
977773
42185
950122
36574
218657
965202
973153
921891
85868
75973
11570
973263
255849
993526
2154
996754
770252
48287
996445
964808
2810
68279
26906
976983
981888
957580
496373
973864
942078
15622
997133
981840
965970
974479
33031
965500
11010
38175
6379
131592
615708
600845
19482
925391
950446
19097
962367
942402
6742
956882
92803
972236
949407
477375
355612
906716
927716
23417
934745
934822
967149
804743
828764
918257
972036
63791
973385
969767
25160
998752
28694
662877
797773
18257
60301
55
48779
993127
981393
32953
40675
44875
3932
21906
981882
939370
10412
304232
794334
234491
16388
978893
16682
985688
21054
967033
959835
48775
997445
32735
930871
6548
16616
27414
993440
990406
954974
28462
3730
346703
939569
25301
948672
786584
969871
323680
983087
2956
57106
907430
35817
991507
41437
952434
987771
985399
436566
64277
963831
6697
56154
951993
964245
165958
11985
46297
969648
944562
982764
391342
17932
11970
990666
954569
969595
636776
210446
26506
43450
47030
53184
48571
652050
19536
739031
20633
996585
24744
122277
66513
27605
392602
28194
979401
24802
54389
944257
935300
960885
15538
986908
16605
27717
842809
6631
977037
998259
27786
994485
961336
920216
965050
976980
928789
976848
600946
639518
56683
929240
978312
7424
962085
986733
22078
52141
40555
940167
418546
144322
328639
999555
985882
447882
21505
940435
849710
14512
930328
973199
725285
490651
29172
22194
302747
926542
971493
986337
961406
758156
625089
8143
43011
996702
978394
976088
802672
973166
976029
998571
932731
955059
945760
3663
129309
980146
502252
859532
6027
17883
930867
61781
55645
146566
994479
993788
745764
47687
2036
47887
940405
441300
68770
987689
4040
32785
703165
18257
984162
15256
978934
10312
930684
44359
952161
32546
82481
1548
954752
970836
985086
24984
984875
82173
63558
331899
29278
957188
19151
292209
923452
187652
974260
917364
936111
400535
180516
15380
74191
950251
984701
3636
962962
8212
939343
34304
114736
908
964894
614124
40810
101995
987632
948887
969456
932964
989551
718596
321221
34423
986066
1414
43920
13895
961275
23359
955932
342569
6975
640249
985348
967957
12422
997638
89748
992924
58839
2239
714972
20676
944376
910913
13279
791023
97225
984847
979786
34783
878500
974999
52738
970249
65009
928984
27599
963045
949753
945396
993404
37176
493097
324152
30930
12234
981211
960154
915382
702681
61326
56323
30436
39171
1171
634334
63831
566092
34727
409495
980758
944163
73287
156439
988689
779160
926926
999754
341886
993614
950895
980100
986362
27881
993459
68987
962812
614322
676189
15707
46185
73020
370346
49414
35638
821245
994624
10052
3502
933345
987829
106198
359668
4234
969412
7964
17812
27502
8189
402862
47814
355159
977743
975109
84719
25860
954444
505894
44486
956186
65530
946657
37104
933560
996443
45719
985640
149623
560068
18726
950666
672336
7685
956852
9205
677425
74757
4985
510904
105870
970689
46427
766479
991048
61649
757033
925140
967788
9511
7872
952312
985244
7247
945807
322561
989763
329589
333556
14870
946188
942647
40845
38656
14275
18769
982627
1049
957481
7146
27366
22179
996073
993422
60767
961015
177033
17687
15664
38157
223835
898477
12963
988340
28621
564979
40407
7912
213997
38414
979777
66849
983280
4619
965705
950111
44085
999570
50832
25502
260
941789
38469
9409
980235
29608
14237
9547
988190
945587
985649
918873
35867
996198
9779
993427
226623
989038
57750
50783
605661
979034
3841
155613
5287
966300
195369
923354
30483
42028
991654
306
953942
123781
958706
87942
966206
204166
9204
6252
13197
236123
145135
16099
703
6081
774474
971743
295553
46769
962077
498235
5037
975453
23119
955686
982778
986172
985153
981911
638774
48211
948941
8690
942030
73126
979315
37508
18532
2572
566613
44693
950385
943463
50915
15140
37678
995712
430047
74787
986337
977795
38126
73963
9806
938120
16638
994770
991293
979612
534465
43207
494605
987793
258724
79095
283542
22040
18734
449969
739827
365256
14024
971582
962176
998554
952712
979924
960386
944984
993482
384251
27921
32720
29398
580287
33143
952193
33904
12061
2736
36928
44619
32858
967676
853629
40467
21311
9580
41371
10295
240939
987293
25947
948617
3854
497135
798745
25283
523509
849725
27125
39903
991131
5703
79638
961323
8988
953814
596027
978483
974938
442864
523865
950439
42564
996592
965606
348487
155168
866655
53103
947820
972582
890113
33214
964068
5724
1470
836223
19773
72246
618144
253625
28941
798149
961680
444473
68507
348943
19340
2913
956754
919136
2298
652620
47453
279519
43916
935851
5178
19237
966929
61571
978735
8579
957823
39883
938778
988681
927253
932882
461146
18455
943544
12265
947348
77781
973253
945317
48202
51404
9087
18443
1121
5370
998703
345790
25522
45283
984486
24408
995873
206669
943327
931763
24857
938254
132939
760501
32634
272912
10665
969909
972174
38939
26128
447681
39558
770042
954640
9156
397511
969873
2251
972918
28029
957450
17420
929276
952861
70620
996898
66650
918585
970116
994096
44251
801948
998660
26626
948937
374562
930876
965166
955586
51889
7578
372722
954961
987866
727189
41714
398385
741123
116441
952441
752991
465022
975190
950334
935784
6487
47791
993700
25457
980143
53006
11901
7281
964798
886364
10911
807271
659441
49651
9004
56679
65701
55121
934393
380738
124503
33978
979065
11875
419426
998144
22480
999700
913172
57895
451152
977981
967413
28125
802176
977073
998209
920866
39533
24590
561498
925375
42502
8212
68526
989934
942991
262233
7963
965462
960562
417339
979916
43997
32197
990270
53554
999779
250884
26455
92859
2485
917103
31929
991797
18532
497215
33961
71133
58736
929982
7977
10292
744980
964386
59551
254
37587
974742
60821
906380
970
342791
17869
10494
2662
478065
994377
990377
23329
26817
966982
29331
996789
64436
1328
34509
987118
941632
949343
976806
31684
431794
936438
32732
982554
4710
994584
461496
280265
63401
707222
925988
964688
953490
958097
949963
987026
953838
21574
988930
975246
72091
967752
998753
968507
3152
955688
13943
59513
971928
367
999154
21376
7009
962162
975531
954674
78836
40229
983734
931415
968059
403466
28197
12992
422841
4005
3222
4482
975015
33539
42144
32074
74364
987214
977145
967124
34565
37757
65866
975118
123104
877062
992199
280087
5180
60242
996084
31566
46429
45653
238857
949394
721624
21288
206
944668
984187
12687
227459
394
5182
957111
955405
994176
14804
939093
190931
906372
7191
8626
21113
57127
968514
1041
6803
47800
572218
954770
942829
963710
948579
18502
60109
695897
3848
20863
53712
49880
935752
916652
948249
827183
52038
193166
9004
989427
52422
67818
6080
936116
938142
622780
44288
954178
17305
970333
954611
62222
9003
779177
29468
929513
959831
969815
937583
55372
15240
999833
8962
7577
326011
15289
963978
994009
934635
56528
23145
290497
546499
790098
151919
654280
39692
710296
37073
971437
9405
38362
12289
33042
50696
985318
2710
938298
37478
924212
34705
986552
183612
983974
968800
929567
940775
91006
984913
38033
970643
26356
977561
854442
9335
987860
25925
21373
985984
52132
116640
67327
10441
306435
291689
755560
22153
998305
163244
954953
473707
930893
772578
940392
30354
45693
25572
88253
380231
41246
386219
999903
30704
663041
998226
985166
589927
987397
979561
68913
20607
514846
996320
966100
995601
928473
336998
25003
17730
61063
938708
36141
581725
973428
799918
42906
993308
494884
122
954599
79828
24540
934894
44120
11321
810791
28135
15498
775309
42111
83730
9276
982594
7368
536148
997529
29986
990062
316094
825763
426490
714972
963421
20665
24531
30381
425828
41737
962741
41331
971556
922720
976170
10772
707559
39832
20404
32788
279390
968007
981559
984928
974349
17521
977218
717494
195307
39000
847697
215142
951317
993843
34601
40956
932337
42954
45793
69414
35128
53826
355799
948924
8558
996632
22558
11901
999226
946665
959464
5702
60206
212655
11617
9992
951164
999888
932465
62348
950324
58186
22833
990781
943808
942907
837049
12158
53517
17166
30200
14223
893248
17267
89488
939556
961611
432821
937127
543483
987939
558716
435235
944864
924741
955183
68969
325927
8323
31155
29466
37988
267208
617079
35184
12254
643179
935150
28289
973138
37646
12935
956032
25154
238742
79863
346
48900
191301
52772
587811
35677
957708
8920
934065
954350
36931
11521
341050
965118
21869
997324
310168
25131
75517
42618
976168
993328
573074
14448
17477
65853
969834
58302
913689
991320
536312
836560
977662
847354
963523
53004
970393
971797
336993
49995
26653
941897
64633
948524
936836
923787
956808
955029
991319
932210
268625
48332
951121
985040
129512
973719
972372
918606
994458
241
978551
798468
964931
134337
980743
57459
974034
925379
87418
923529
23845
76846
53904
23679
524652
989306
971997
110965
19157
951270
953820
920806
979829
3345
960637
33023
95267
22525
48883
59385
994269
11024
752881
7953
8474
982971
60785
15858
998756
76591
5326
219798
253149
14082
973808
31899
3849
958793
14948
16600
968181
439444
1025
40587
577456
636398
37548
968742
760907
53441
20352
41901
970407
43979
60009
379509
989897
968522
952171
56558
970161
988976
12484
950125
627779
977512
937398
21054
996718
968165
29639
33317
970871
429387
922125
966615
967100
52555
958975
27523
692469
73354
70784
34026
10256
704286
957289
57661
996206
889003
945361
513056
529043
945684
320806
918950
336873
46234
75805
327007
843
915489
933242
979147
12330
4124
531646
75466
955403
51671
975370
970548
953253
994620
373096
995606
2583
88633
951736
14857
279669
57179
1054
997562
56276
996088
998185
53348
974112
372765
464107
780348
976551
970304
20983
385881
977214
53573
997259
414147
989966
978446
990725
281856
41603
937794
8488
329081
956729
133824
984216
38406
40369
881731
34263
606420
996741
9768
50204
946755
2425
217380
15082
4535
989988
20468
24385
287748
954533
1931
39381
455121
823444
953365
997134
176738
947391
771839
920389
28380
988605
962227
59758
997624
140569
983193
933272
971399
21756
34915
974917
995330
14980
975522
42343
981893
2329
46125
68778
989457
486080
938453
310850
970221
678433
285455
992542
969278
371297
820216
461591
655135
954749
29236
49660
225537
21249
32380
597578
61197
995493
30800
189874
955876
578569
984265
983959
543463
414926
404693
958899
8038
895
904278
56681
929967
950448
21751
25237
945672
34289
67265
956720
996163
18734
947945
33951
51922
976451
10052
265803
7161
55793
8047
91515
969045
947965
24890
974509
53443
49538
50347
25891
74432
994893
81074
24602
17927
965028
30789
913682
132270
33503
11233
957349
7724
403309
32356
964262
26677
451888
10595
32934
990686
972772
452950
498647
939286
974180
2722
49578
890671
424
988973
985453
202212
931024
916598
34156
41887
999540
22584
986575
6674
1951
874766
418625
8648
942425
988037
51137
965886
40773
991961
983989
143828
39176
969805
29479
592537
7084
587725
13169
37493
970964
28759
925595
933931
10365
54355
9539
979180
928702
46862
885123
158488
990855
35524
998729
969101
977491
942269
767764
961612
981800
997299
42981
919812
61346
55286
16318
960029
999548
990627
48243
994454
22170
971686
5794
261343
977686
834167
884809
977413
934740
140938
937765
514264
963332
20891
75669
991089
985761
962433
67300
67939
7368
137204
974856
7856
997326
41341
992670
20427
181
29716
829027
959443
959795
356818
950745
969779
990922
648285
831867
645304
44054
8028
56574
126380
949521
20341
912837
23828
631041
33376
3874
982580
939745
9754
959984
964977
816837
247780
34293
118720
483325
986932
986011
997827
755238
829870
28505
9283
980468
743248
988878
22089
997037
26068
972386
656605
29301
38752
15396
18750
993546
37075
46898
41577
8675
262314
884449
26859
960961
975333
6932
971825
25035
957848
4338
3324
8508
20044
969220
71753
918152
55414
20811
913375
996100
665140
849872
987719
950
74731
44536
421105
19886
946073
50930
694707
20855
929084
33822
9324
961738
960768
999368
411453
44816
995564
990054
2148
373688
24246
957858
32736
932955
998357
956220
945794
952438
608584
35588
588690
745027
774
226184
53163
45072
42291
13644
986804
52517
9960
973022
275114
977150
35428
967795
564518
12082
542148
997419
3453
29733
134290
35622
86636
817154
19944
2270
922374
956379
525542
29511
999028
6169
913828
5490
965838
977208
912260
37424
19019
78039
65900
67481
30514
980576
999366
54620
955515
2724
656882
5805
917441
888736
721187
50640
37549
982485
3481
82461
920535
983132
896137
10928
4674
42868
979749
963876
929910
310482
15638
30647
34211
78351
20542
965740
407802
506597
365669
996238
17418
963371
3572
965941
62744
983910
961092
973370
26847
982611
38756
56061
30706
356536
996284
894303
908343
5522
26375
402437
955407
992728
17227
381976
801342
941653
986356
153473
485100
962849
972476
718859
36521
5370
57531
370587
990200
735800
922696
59523
654645
989458
11591
968360
969320
39181
34445
121950
38422
35528
994927
962969
952151
152783
990684
32675
53497
11129
14490
921517
992611
68722
63627
856905
974390
42233
65347
25685
86996
53268
971396
4103
67948
985467
959563
990230
219956
988783
944232
968450
920100
57625
77866
86885
950953
970390
526155
56470
14700
978850
15988
9192
917297
345408
26568
480890
416254
979221
997866
990892
919386
941872
974879
24638
963789
445156
395477
993078
37680
942516
969589
26353
53078
77862
689268
67742
997960
14964
958356
969658
980074
25252
959047
6049
33430
399832
977522
988444
992822
929618
29133
957515
19642
244435
999869
983922
999394
22591
12696
973832
982194
24952
600827
571420
922760
760732
918240
14693
981646
33076
926344
220586
80494
981430
984834
976585
9162
970076
38383
939899
949264
53768
678474
950714
975217
5688
16470
997778
985788
996470
999716
39630
27313
22422
17893
973543
326313
58044
2509
311488
30194
358686
168118
484183
45674
453886
3462
86741
959411
24337
32440
943381
283511
10444
939880
37497
62075
155711
982252
13275
3095
958923
12650
28352
928784
5635
954626
401720
993002
996889
982002
935202
929518
987778
919071
34698
996267
60578
10111
15594
22226
962554
962235
997131
988155
944862
363628
26451
960804
662574
22228
52157
7589
29228
712511
473307
979779
995433
270186
589407
983747
995045
23863
11572
24642
991007
23423
13901
990613
540126
2158
490499
999902
986114
100935
996661
722030
625239
126
18920
966794
984264
23669
15181
73364
977851
49065
811845
989533
36769
35562
385
954455
920861
916398
236337
257342
997820
111352
986369
998408
976474
940239
50711
301608
949128
18998
189660
12784
41238
694863
30022
974992
750916
958744
991314
221315
8782
80073
986034
959947
53026
405516
6892
985999
1034
174471
281528
928387
966514
3831
932856
34608
63127
987078
29245
72052
41169
762088
969674
27572
103101
338
2555
974422
32435
17523
19027
988267
957107
411843
2955
997726
2854
940064
955820
57582
46594
44703
908637
946786
14215
999819
983789
385
972239
21927
934537
24767
1542
16309
37929
40415
673843
931364
171229
24086
942875
958250
54563
973408
978686
832885
58955
985965
993322
950517
678537
955200
980698
478257
983358
957052
979319
15882
475307
41285
320189
922596
732636
965859
870555
26598
981462
924210
18424
885
44996
882150
20774
2242
14369
944767
983933
37520
44428
951200
985616
958851
488749
267310
54956
934784
11564
23749
978200
70275
955957
993518
979884
6705
47433
999312
931244
968517
990769
49424
263282
2684
944928
978764
37235
937682
993931
687137
7827
979082
965660
921445
81807
951242
941881
12085
80083
12699
824579
89802
56769
2389
998632
582087
72782
40478
7463
984766
51858
177078
752318
21974
13054
978264
989816
972049
995189
13228
18794
999235
986507
28031
498478
942712
947371
967636
682038
52823
41577
24343
16699
648487
29805
23280
77196
24909
958536
627699
929426
949165
38219
5372
991677
965068
562672
28465
959271
996823
67205
919957
68703
982909
42025
66805
83465
979999
95428
8516
965949
990231
977774
304946
636
953557
17906
827453
964773
961856
26478
660828
667665
977225
933690
990144
697497
16241
979323
33576
515048
929232
990845
538938
82376
22214
225045
822836
768983
59853
916646
3760
987254
5398
748980
931227
941483
23078
924284
967359
26466
985681
24788
31133
983042
974446
976876
966071
981306
10771
932184
943098
5520
13646
15283
852651
33759
321705
23804
928392
985796
2872
4145
43072
48241
924350
985994
988022
52192
895604
995894
9716
824869
26657
973135
944617
29977
419898
43798
216939
56929
935409
32792
14949
963124
22936
16431
957721
213759
62206
990945
75334
998782
994196
36907
70017
39351
12256
209478
967019
2506
993959
995614
928983
41515
985842
52847
945810
967797
33018
939851
931905
349018
79705
958761
979780
737315
996082
29015
958845
996490
986484
248803
966451
924265
450222
980562
41597
985855
974973
38942
562916
6864
53898
948536
950239
521708
71343
434710
72779
16838
958891
997056
299556
458053
998411
985096
886650
23622
9741
1972
997165
21636
975266
3677
23395
7345
65515
992692
45055
975370
967426
992261
774296
33253
763013
3612
40606
958566
11115
18084
35183
705069
958421
950352
608690
913008
924294
927945
964526
46936
880516
1434
479616
922345
919598
976443
959057
998248
50755
424696
14753
544519
598606
963086
1424
67900
994002
949628
923356
206549
723464
956028
11434
27042
914491
981543
938667
989135
138387
919799
16603
836349
961058
962972
980546
951962
943452
285848
968024
32755
968104
947297
181575
55725
967750
850672
983665
989886
51409
935100
982834
15602
34662
4671
384131
965790
943558
190204
959042
856687
972464
877376
999412
934302
941797
57824
954314
439584
914495
60761
985888
930918
990746
88909
103326
768135
961133
23213
989906
27899
559
672720
259146
965892
998900
605131
19145
960258
979200
933910
998493
951611
990549
41123
935371
997930
46358
47547
8867
938176
979078
60407
19914
15894
972814
21675
7989
926911
929687
923403
35477
984060
45333
993935
42326
959945
53611
914947
950044
679956
518876
985517
956902
196393
709040
968965
56662
919940
813621
24138
982072
974030
401391
982274
973572
273243
945699
975804
412860
45043
78676
997702
916109
1456
68900
11968
919847
602773
507090
971446
16662
14030
971498
142928
10595
742745
11719
127042
388
11403
950158
943847
16642
44000
29790
49337
919598
77170
987940
994737
939699
978557
238160
35890
80640
995481
64643
984196
23406
32717
949433
945238
47783
988196
942189
936388
2435
11383
945395
196480
80371
973174
971169
938913
841225
739451
968811
771
959440
72884
953488
34940
2392
965873
939574
15845
17997
959427
997899
963284
793534
954035
961677
36156
971785
18452
939301
904658
884636
25083
74978
60567
436405
928718
2927
980731
24757
963614
984102
21859
3077
957093
583183
964095
978377
973125
30709
934268
992746
942565
980495
980177
12477
143565
24506
935063
952885
977001
368357
960447
984455
960514
985612
435632
26088
30781
912546
16490
958035
911265
38548
937725
927812
10327
856518
28169
61429
994120
41967
56283
208596
972295
850455
32698
938479
5953
14022
969643
984729
959591
57023
920305
12468
40888
998041
983273
22998
29227
978918
907036
62152
690609
709518
23844
45933
7460
70013
3070
265662
12642
978329
970531
3436
149308
998725
29461
5645
943723
188885
384705
940156
15064
38376
951972
30055
945378
988567
940070
435296
56502
42814
40307
950599
130
957216
930747
976292
83264
2439
18042
943558
957351
980069
962706
45598
977623
470665
981913
598410
13272
28676
47525
32632
735394
995654
63232
11427
884914
259836
25053
420852
935668
78183
330775
931415
189723
18225
8369
1459
982604
40052
927474
21489
228593
987560
943172
740237
946533
998823
916211
18998
34797
215510
12162
733420
39025
13444
38655
953849
17788
997164
97189
373610
968194
987800
6049
37767
958511
38363
995611
980205
51653
362004
974457
933020
55260
977638
196789
987429
1376
337266
33374
16512
452309
19720
994702
999057
994657
41938
959370
980300
21861
3850
999705
755062
30635
973344
993977
593910
434890
969618
112575
790432
979106
979211
39764
948141
968483
9799
988405
948049
31317
33288
445991
871192
8018
24469
944411
921522
30972
5616
37982
4559
25390
9905
938264
8807
42544
804667
959552
913198
20667
30709
989675
981737
940998
14703
976904
75464
972869
15514
23189
977024
991381
950254
942777
996464
7927
485614
991240
764904
17118
967408
697232
835309
974126
997965
179471
716134
915000
707447
11930
34234
962769
997302
964190
741625
886106
990404
972069
899712
988563
109336
20663
692
981712
973646
294180
552913
37610
757149
967788
135744
980650
931255
544020
18968
982614
351
800695
958391
848980
250371
37935
48870
63692
91938
46480
67337
12662
25586
451610
932587
169432
956798
13619
33992
966286
32733
991655
21762
999415
734
996217
82359
941693
51338
193564
990261
69804
7131
306406
763858
6392
31309
13053
5735
22950
79351
32089
1151
27630
67093
995177
9605
975895
23773
888594
16119
751591
553553
896334
968815
988414
50990
569208
998353
811209
20316
987980
364383
427136
936594
946924
957858
960078
193544
997954
922086
958165
955160
995460
937435
8090
8665
28349
22896
12311
927
851627
56997
367933
971954
497957
952787
78792
931615
978819
978010
20254
992245
998445
670101
884737
11592
78545
527259
7445
22150
981570
214550
922474
998159
42798
1129
998079
21238
236153
60192
33654
92404
90434
952057
977205
933971
13852
455342
962042
949255
30638
485676
953097
2637
16723
986604
1536
955229
998995
463
964559
29944
907675
33543
974380
200603
299180
4061
623837
21463
934768
45229
41472
775657
251154
77161
956341
985877
13801
5331
24687
406500
962943
234301
408299
994246
963772
60475
51599
26669
933693
45467
998686
77258
23800
798713
22102
975957
990669
27960
945490
207177
45888
32673
366126
963207
984512
6469
7234
24557
25896
387391
42386
977219
980510
373287
955769
957863
989720
995301
178454
923347
24726
542347
222170
965190
29202
471315
944978
277253
986463
10110
991641
100756
20689
5028
27079
976894
502112
905727
503358
957450
967405
997221
23670
540126
960032
844883
859384
8449
49248
17165
922926
33211
150046
67458
23432
932933
233919
19137
52101
33036
48664
430631
24099
977669
5188
975835
991671
13621
20885
999673
987432
987550
24652
46056
539114
2234
926350
63319
967190
33367
71619
971509
59750
965314
960887
997245
974695
79499
50705
66150
5346
195679
131337
70176
946522
48296
933353
995075
16937
9630
61337
272852
980298
973051
370766
12216
417651
966283
88143
953656
584380
3448
17299
363
966681
31739
993428
968481
994392
132885
973999
709289
59571
6483
981250
573581
966392
452241
33818
990469
1096
912033
483846
390127
64231
979289
284051
956614
991441
995937
115009
971025
962426
41702
38459
19120
632062
208140
954176
858527
73022
989509
947741
946743
53547
949707
963534
966314
774361
942908
42726
947434
996470
970908
48989
356212
946886
36684
971883
910416
39853
155706
983797
44295
51829
820745
59723
45015
583202
42875
16262
992784
7864
45829
766077
510
19304
961272
991070
960387
763282
928601
6840
16045
680558
259636
944913
991124
61731
22536
987111
694798
941155
52841
979263
935795
967752
818
665553
956097
44860
993658
972626
962490
998082
401169
18491
7520
14005
18865
7618
278007
966442
47896
49578
992658
67850
285725
938202
999675
965157
928831
23579
940808
998127
926980
24473
998358
17711
983378
33063
10469
11969
975877
965116
31671
920859
30258
22910
935444
238769
978110
403897
971949
25875
330009
960635
647
434933
953091
713560
185904
995280
936689
574548
83910
367682
973235
2135
616476
932882
989476
921422
968916
771166
914184
975131
54971
772764
992217
6119
939453
968811
619334
999663
969140
16149
982365
955017
93715
995097
977210
989083
955776
11741
761960
942579
57964
923761
992898
48518
16583
8291
997412
449654
254044
42464
991095
8827
261286
984422
71568
727315
972947
14912
493095
952613
951079
928114
23265
35640
918671
992352
53114
963555
3783
750027
891276
8814
984815
964650
8845
31505
830299
550255
4586
14120
973558
986897
926056
959780
995999
63534
63902
54504
949838
51683
961724
658783
27592
988979
675
987253
27517
449690
991422
17534
603420
12842
966473
66426
17408
77893
963270
23953
987962
977272
34697
995985
10342
12006
944430
26250
935327
25563
543388
22681
9292
966752
23364
983895
17684
951386
557105
959729
241308
35109
927194
909402
15105
988326
10748
997709
287675
961831
910840
989819
997965
40088
973054
577705
2004
13651
695689
989658
964191
26483
630192
964030
5836
68878
932428
971200
999184
59018
23378
978591
986887
76488
949366
25185
26282
968392
995572
838822
59111
974122
55240
668544
9392
959492
962671
907785
10140
971976
26783
946339
5475
995988
966851
959450
990046
4563
942599
319408
994987
11991
19023
20833
16749
41704
954155
980150
550492
973399
973377
939977
33196
981601
27976
21727
770748
922273
994827
972419
966516
948025
374057
21657
941802
46658
43311
16885
931705
20387
948398
715027
965908
984969
739347
984575
1686
940901
2274
9174
920177
206374
54546
936629
25941
610452
23443
2504
391152
29862
479485
78353
971633
829635
30928
5768
922735
964743
182198
967
964960
43974
939272
30430
1435
936186
78895
999785
949443
992033
956496
157609
993273
985712
996848
942937
182223
5420
977548
972947
1399
101366
964539
957262
81429
36025
14131
999544
223339
951717
968646
17892
998015
944560
65137
13777
910821
11852
536252
54428
940956
952415
964162
998803
2769
955347
521915
925363
978570
582900
4837
107921
979852
998153
16353
51593
539814
24295
955969
963902
953408
2160
998593
83315
59169
14991
29590
54668
53996
650103
868683
636008
990704
8588
743716
36532
940279
201102
218387
144242
986165
961766
991612
970900
393792
897613
939058
56159
24831
27806
956599
378909
993855
21640
986210
943576
971527
939713
991755
10698
13476
941803
993461
370869
620
933730
10809
477845
12909
223514
908888
956470
29171
88932
16036
6493
991581
27946
993111
177777
39273
991846
993191
941051
943014
778649
978489
89422
21425
414903
568524
1368
201515
26691
60316
136119
929331
60318
953486
335080
7493
5195
52758
13499
74777
12451
16253
57175
990007
978963
927329
328671
876475
18305
12538
209960
537804
989335
548410
64892
999433
11135
30977
989961
35948
957465
1241
259145
957832
970348
991551
903768
979925
816180
37664
124724
452876
922280
30040
960452
12603
39984
49041
928857
57298
105724
32160
69102
13146
400025
28787
956921
969331
75973
888
536904
959306
11630
8923
992201
46721
3188
35052
43163
13098
961963
828838
18882
992162
948394
74176
26854
27370
5356
43788
25586
970639
653043
307389
34039
990717
982468
661
971498
973031
15571
167516
33990
10730
3021
988387
13543
925020
49208
390424
939628
696173
959039
20200
12441
954097
7969
722091
39428
42320
29588
203723
265172
49883
24520
60402
959818
155874
980531
933891
963159
981617
135154
931920
59487
986015
963655
961977
979318
38739
31009
27573
284785
3885
25610
169579
36228
969648
53392
687513
19009
990488
979388
458594
802890
26748
997741
995780
947957
953284
72
36951
8140
973659
582036
940293
969612
990314
954291
691503
22905
122394
3667
17409
602881
550479
59304
997468
41190
923711
991558
67550
6916
996310
962383
975123
926946
935944
137052
28212
934300
984310
977303
996147
28102
49175
302637
49682
731021
969243
927945
1608
956497
936062
696947
960509
31994
54496
44088
973932
618668
570179
38316
40810
32259
975057
983478
505751
23165
11759
970196
54590
37307
487600
377
935222
495073
34065
983561
12617
21084
960729
981502
20386
957462
16464
172086
60900
859075
574334
13974
19831
995866
972300
939231
20791
954479
960064
966316
81697
962356
48016
777201
73841
24802
967880
71123
17985
147148
18284
7704
42453
966925
4910
12048
9512
928834
990844
28378
10660
389950
21537
946488
992683
61520
74946
982017
994080
3539
8646
986760
996155
5681
957795
972446
18929
44517
974390
10916
959431
83118
10605
968538
44971
953764
23492
65040
342148
398400
466222
980271
20662
808876
986182
72066
83003
3849
57151
871001
357336
930108
990243
26096
27248
986698
189348
998229
916598
948572
994969
36044
851605
21338
935081
149072
52555
70067
301129
982512
43697
502059
932488
941881
32675
999430
944322
955555
71267
996556
604859
975249
20939
60766
940203
572976
21191
999757
10296
23511
713654
18299
11708
43492
190566
959795
990208
32205
44336
517958
940142
623756
948993
37565
54247
23858
586132
4358
102801
983577
793606
598781
995264
27147
997737
10928
990894
9761
984464
997806
24422
49791
5738
5247
965656
258850
4455
75420
977892
25053
662435
29639
44138
996322
3837
954573
986178
469222
996994
40562
978750
957306
989491
989422
27113
164790
569518
10385
792571
329792
979452
234464
997235
41882
6742
37464
937526
46016
560036
1648
29775
937209
2071
403316
925958
925018
49469
959573
983417
1834
90550
15358
23494
960653
78274
22151
31998
71206
980973
29939
60429
956492
954284
971238
702593
5212
72821
635559
18492
989931
646812
951170
208278
564958
984149
948620
33428
735331
987720
963181
977907
955714
914567
90994
22243
58954
16198
129942
944439
75925
979873
830106
64869
207787
979614
61895
989028
928401
948281
56656
984590
958761
865216
994638
37220
74294
68871
50827
967116
45596
24026
968348
1306
21286
993604
19953
721836
129415
12622
28615
769992
58218
936118
11328
928609
72388
902588
46013
81820
943909
17969
441702
152978
3704
28854
52978
71918
981208
102246
48
968032
55137
932467
218344
977580
864728
8321
795729
981393
976614
44896
999623
130437
953172
55880
745427
682886
992522
145944
582372
907635
34665
938033
10809
23346
64145
55950
890208
871433
986448
974243
75799
984267
2213
402622
992188
156214
974529
20825
92209
821211
992967
931201
62841
4914
724366
289967
42131
31888
536537
590897
943591
595926
17153
429146
930303
944717
3538
976594
660368
10713
67988
897289
690241
969901
10924
985353
17716
26083
26481
21688
991973
7562
16835
998907
549635
669760
883109
972905
87323
689875
985798
925173
16745
58062
461352
158557
979950
979527
1213
973025
492051
959863
7612
16943
51856
994367
113600
991823
46604
8789
994725
945023
25900
941730
78508
700468
999159
970309
960325
978790
997702
13047
211417
999831
43932
508585
30515
977065
964648
963962
75466
12484
818851
33772
988303
948813
381219
32162
965018
465950
35271
17299
2660
916929
943636
2509
49419
54803
968497
952489
33438
50205
82499
33319
976620
955211
898930
964648
962831
958871
20610
987801
208063
959999
998702
4867
818683
907043
974830
35452
387726
949509
88589
903821
451099
973470
526451
21116
46660
947637
10420
403443
951576
54740
998691
18793
9297
989433
999878
30773
33003
972895
994336
984358
989043
999152
946590
972987
988146
704360
952154
423885
41567
992126
31302
7878
936330
10419
956470
970841
983892
966469
967677
16664
21402
21009
945996
20298
987430
37458
12570
54066
626965
71522
979851
841194
927304
26082
509477
927655
60838
58212
928027
947384
737903
26163
968257
587
936557
33458
937189
952754
45111
17112
790744
63391
751772
57113
997629
96464
974624
28961
981323
40512
38773
28982
942439
958572
70652
28989
833502
31112
23314
990559
891041
945204
942652
953833
39980
966175
3510
138372
457540
943204
974024
987630
983117
12842
315379
31368
522241
2053
61278
995553
24305
775134
983914
784300
957471
72740
975437
915392
208341
388243
47235
856610
40247
288973
975024
25482
930830
982887
89876
10838
946891
546691
162244
14676
390653
976778
62582
937883
955316
182715
848341
940296
967355
992474
33650
991333
948800
923937
977323
4451
17848
35187
35838
746682
47771
957910
999520
963407
831198
23386
844248
914893
744137
975079
997141
954294
10848
54166
866998
250725
973151
998282
980215
767324
22602
35002
280792
31106
538228
15878
954403
34721
75193
484760
40469
14092
456912
970129
908136
937228
992175
970397
996385
19477
42688
21191
18115
244085
986978
996054
964128
231856
4624
984688
971099
986163
529012
40700
20078
24801
27689
33564
981988
25455
3374
753229
2770
54303
988839
955151
726244
997652
972193
67334
52518
275855
6062
930183
433568
982876
3848
115731
576460
810815
1755
26297
532421
327728
988895
385430
59311
860241
55650
978908
995135
935585
95853
21591
933891
24835
30660
15522
83916
46147
18920
989083
947052
969517
3851
920110
15048
942805
999316
211842
20634
976190
990468
56708
65495
52969
944575
59953
639552
11364
914422
15581
352576
143349
457625
334506
951936
996424
728602
431870
43711
52199
983131
8403
491945
984927
11732
5633
8381
53699
100432
964683
242812
13415
13644
998931
963790
986027
521965
39330
69486
986510
298408
974804
997619
2610
57795
74998
926887
74582
400729
993128
550005
902646
992487
649696
18560
921854
998534
723930
69807
53007
950844
770519
444532
11687
254917
49600
10703
952636
917544
756483
983825
72343
406647
23961
976654
12468
2088
918127
38036
34484
8209
993496
9335
124307
47934
50781
937473
974414
294196
15834
1781
992788
49505
964009
985153
84135
953428
998304
33174
977052
64984
53031
14465
945958
39743
771346
15575
170655
894742
598408
905514
589191
24377
1807
956331
148206
17463
979634
8825
13788
943475
21591
841965
966393
21318
984723
3021
80903
993750
18899
27193
5720
83517
939318
298784
957083
969139
963903
51730
942824
16947
11336
995306
261787
990803
952725
959641
937376
717728
977588
10119
9270
46106
43974
11838
17862
574712